   5.2208766848330623e-01	   8.5289182574208400e-01	  -4.5484893283533079e-01	   8.9056860954030981e-01	  -9.9702970619554165e-01	   7.7017952216556620e-02	  -8.7933929521937237e-03	
  -3.9088710191272807e-01	  -9.2043863106579171e-01	  -6.9441454711653705e-01	   7.1957517797165205e-01	   9.3376248160957354e-01	   3.5789331921444251e-01	  -1.1004030478512727e-02	
  -4.5484893283533079e-01	   8.9056860954030981e-01	  -5.8622489659712151e-01	  -8.1014836333210860e-01	   9.8813647007273642e-01	  -1.5357837254051143e-01	  -2.5421613114927633e-02	
   6.2348980185865555e-01	  -7.8183148246809198e-01	  -2.2252093395650877e-01	  -9.7492791218177921e-01	  -9.0096886790254893e-01	  -4.3388373911728867e-01	  -3.5002273898666836e-02	
  -9.3890469915745711e-01	  -3.4417723036256326e-01	   7.6308406819991015e-01	   6.4629923786081855e-01	  -4.9402173581271391e-01	  -8.6944955261624757e-01	  -1.8598750675475006e-02	
   1.5277676814684543e-01	   9.8826072425985090e-01	  -9.5331851822921010e-01	   3.0196655907776154e-01	  -4.4406661260604213e-01	  -8.9599377429120308e-01	   1.8723173756489353e-02	
   7.7038361348027340e-01	  -6.3758065221670324e-01	   1.8698182383784662e-01	  -9.8236337347962666e-01	  -4.8228814727360980e-01	  -8.7601263860710876e-01	   7.1564823377922582e-02	
  -1.6178199655282086e-01	  -9.8682652254151693e-01	  -9.4765317118276615e-01	   3.1930153013608775e-01	   4.6840844069994009e-01	   8.8351204444594345e-01	   1.2141613448256589e-01	
   1.8895353059257211e-01	   9.8198603008220131e-01	  -9.2859312655320381e-01	   3.7109945475323131e-01	  -5.3987543008501770e-01	  -8.4174492572899851e-01	   1.1650112139321628e-01	
   7.4150213106607632e-01	  -6.7095051205321199e-01	   9.9650820751065308e-02	  -9.9502246905466363e-01	  -5.9371953916728004e-01	  -8.0467205047211166e-01	   6.3261797520875240e-02	
  -9.9619469809175276e-01	  -8.7155742747575662e-02	   9.8480775301223678e-01	   1.7364817766676721e-01	  -9.6592582628913237e-01	  -2.5881904510228160e-01	  -1.5936197233742067e-02	
  -7.8914050939634572e-01	   6.1421271268972932e-01	   2.4548548714064811e-01	  -9.6940026593936868e-01	   4.0169542465318309e-01	   9.1577332665496369e-01	  -7.1385317132916404e-02	
  -4.0262417705701337e-01	  -9.1536537625647751e-01	  -6.7578754409832553e-01	   7.3709646264349538e-01	   9.4680098467295026e-01	   3.2181966288953179e-01	  -1.0728682307145176e-01	
   6.8191705310914585e-01	   7.3142951313092253e-01	  -6.9978265357876837e-02	   9.9754851630259200e-01	  -7.7735579809821209e-01	   6.2906117601000600e-01	  -1.3505617657283098e-01	
   6.7031336088659943e-01	  -7.4207816179760433e-01	  -1.0135999643382294e-01	  -9.9484981335020384e-01	  -8.0619928062461865e-01	  -5.9164408213075825e-01	  -1.2826830240931120e-01	
   9.1615757346150029e-01	   4.0081828874084047e-01	   6.7868939882172852e-01	   7.3442542162359870e-01	   3.2741529205561815e-01	   9.4488053558539042e-01	  -3.1609706185033337e-02	
  -9.7979065204223570e-01	   2.0002569377620116e-01	   9.1997944365869877e-01	  -3.9196660986036941e-01	  -8.2298386589338435e-01	   5.6806474673155005e-01	   1.0162559766716089e-01	
   1.2955034097246446e-01	   9.9157284611566399e-01	  -9.6643341830783636e-01	   2.5691720062664258e-01	  -3.7995389871039342e-01	  -9.2500542422991883e-01	   2.1344175657638037e-01	
   3.3960714731673236e-01	   9.4056737424354198e-01	  -7.6933397098278244e-01	   6.3884680565207741e-01	  -8.6214977775536528e-01	  -5.0665349176372432e-01	   2.0369619318048982e-01	
  -9.8277158404806852e-01	   1.8482427759266443e-01	   9.3167997282469950e-01	  -3.6328009612056550e-01	  -8.4848562138951455e-01	   5.2921843344242026e-01	   7.0343097663417731e-02	
   8.1254207612495122e-01	   5.8290254290623411e-01	   3.2044925094689192e-01	   9.4726568478308970e-01	  -2.9178507681080501e-01	   9.5648390940491657e-01	  -9.4633625715403236e-02	
  -2.5130004431391734e-01	  -9.6790923527354733e-01	  -8.7369657545564638e-01	   4.8647126743218461e-01	   6.9042002057176088e-01	   7.2340873314723630e-01	  -2.4445140535133714e-01	
   9.5817068527866767e-01	   2.8619737572627807e-01	   8.3618212425478322e-01	   5.4845187124920836e-01	   6.4423971275128766e-01	   7.6482363490816518e-01	  -3.2626596421859455e-01	
  -2.7070749395216498e-01	   9.6266165017525163e-01	  -8.5343490543627709e-01	  -5.2119944568559617e-01	   7.3276994295608011e-01	  -6.8047645859364092e-01	  -3.5302851344411124e-01	
  -7.5632298913342666e-01	  -6.5419839200985397e-01	   1.4404892778344291e-01	   9.8957056666234799e-01	   5.3842795784814979e-01	  -8.4267154586319759e-01	  -3.5348882623461275e-01	
   3.9466420623357434e-01	   9.1882542646469179e-01	  -6.8848032863604536e-01	   7.2525501520582603e-01	  -9.3810129105072482e-01	  -3.4636103667843948e-01	  -2.8931989902837629e-01	
   3.1202808567510999e-02	  -9.9951307382019738e-01	  -9.9805276947499855e-01	  -6.2375230206272211e-02	  -9.3486907579917011e-02	   9.9562050908523581e-01	  -1.4293807334519693e-01	
  -2.0137053265364701e-02	   9.9979722898485168e-01	  -9.9918899817157569e-01	  -4.0265940109263973e-02	   6.0378497422059522e-02	  -9.9817555422333115e-01	   4.2359919088670206e-02	
   6.2348980185865555e-01	  -7.8183148246809198e-01	  -2.2252093395650877e-01	  -9.7492791218177921e-01	  -9.0096886790254893e-01	  -4.3388373911728867e-01	   1.9422729998894034e-01	
  -9.8450621024997242e-01	   1.7534971337084373e-01	   9.3850495604152595e-01	  -3.4526576355829658e-01	  -8.6342170489654635e-01	   5.0448286344884019e-01	   2.6233209051350553e-01	
   9.8461893013689605e-01	   1.7471566162217447e-01	   9.3894887516785164e-01	   3.4405669564917074e-01	   8.6439474370512814e-01	   5.0281380953086985e-01	   2.3901158945244982e-01	
  -9.5198268790064766e-01	  -3.0615186090804342e-01	   8.1254207612508400e-01	   5.8290254290604882e-01	  -5.9506929142321308e-01	  -8.0367439825160236e-01	   1.5125951800262882e-01	
   9.5352878783129225e-01	  -3.0130192627493502e-01	   8.1843429844602722e-01	  -5.7460012106434444e-01	   6.0727254120229657e-01	  -7.9449358757746114e-01	   4.0197087007323384e-02	
  -9.5413925640009778e-01	  -2.9936312297320183e-01	   8.2076344120746325e-01	   5.7126821509452375e-01	  -6.1210598254805126e-01	  -7.9077573693739789e-01	  -3.8012416297679263e-02	
   2.7609697309763959e-01	   9.6112978387225168e-01	  -8.4754092289264260e-01	   5.3073004816223446e-01	  -7.4410393987171652e-01	  -6.6806386421313713e-01	  -5.0997080069971834e-02	
  -4.1690470890469837e-02	  -9.9913057436800068e-01	  -9.9652380927386175e-01	   8.3308448252935083e-02	   1.2478156461485393e-01	   9.9218423749436224e-01	  -1.7291592105889819e-02	
  -1.0004905225557168e-02	   9.9994994968319673e-01	  -9.9979980374285526e-01	  -2.0008808953762086e-02	   3.0010709787513239e-02	  -9.9954957720867932e-01	   2.6831591990429060e-02	
   3.4306456426886756e-01	  -9.3931182508420064e-01	  -7.6461340948602408e-01	  -6.4448920397021214e-01	  -8.6768809658777968e-01	   4.9710900921214041e-01	   4.5967658799798472e-02	
  -9.5432808779198752e-01	   2.9876060793097958e-01	   8.2148419829742303e-01	  -5.7023127934868689e-01	  -6.1360280043304039e-01	   7.8961484490904199e-01	   4.1466368295087541e-02	
   9.2534125503499354e-01	   3.7913528156881293e-01	   7.1251287653947393e-01	   7.0165903454986200e-01	   3.9329386377626679e-01	   9.1941282170520944e-01	   3.8384464081599123e-02	
  -8.6602540378445703e-01	  -4.9999999999996819e-01	   5.0000000000006362e-01	   8.6602540378440196e-01	  -1.1056275042251710e-13	  -1.0000000000000000e+00	   3.8019272341381694e-02	
   3.7480698603921969e-01	   9.2710286549885934e-01	  -7.1903944643239226e-01	   6.9496926153190319e-01	  -9.1380900156048750e-01	  -4.0614419688950987e-01	   3.3389999679712790e-02	
   2.3768589232614201e-01	  -9.7134206981326909e-01	  -8.8701083317825125e-01	  -4.6174861323497718e-01	  -6.5934581509999668e-01	   7.5183980747904067e-01	   2.3698813006439945e-02	
  -7.3500563559624532e-01	   6.7806099699198119e-01	   8.0466568716480988e-02	  -9.9675730813422980e-01	   6.1671887262883318e-01	   7.8718348060882293e-01	   1.3870748992429460e-02	
   9.9981427041133519e-01	   1.9272381322749478e-02	   9.9925715063630105e-01	   3.8537603742587627e-02	   9.9832884762215091e-01	   5.7788511015843307e-02	   6.3668143677459987e-03	
  -9.7758398922276846e-01	   2.1054582402721314e-01	   9.1134091196940359e-01	  -4.1165245313343607e-01	  -8.0424057930716286e-01	   5.9430387058783241e-01	  -1.2469091208620497e-02	
   6.8311852293117137e-01	  -7.3030752675043320e-01	  -6.6698167256669452e-02	  -9.9777319791854568e-01	  -7.7424402992835584e-01	  -6.3288717961442320e-01	  -6.6903460600574949e-02	
   2.1983575876382053e-01	   9.7553689790224507e-01	  -9.0334447833747056e-01	   4.2891578830488752e-01	  -6.1701059640467182e-01	  -7.8695484236667046e-01	  -1.4722536300338873e-01	
  -5.5901803381032433e-01	  -8.2915549680071410e-01	  -3.7499767574967807e-01	   9.2702575108911578e-01	   9.7827896057237773e-01	  -2.0729272853003841e-01	  -2.0766888257371241e-01	
   7.1200435559345121e-01	   7.0217504770246164e-01	   1.3900404768091372e-02	   9.9990338470638418e-01	  -6.9221005811466507e-01	   7.2169608246469785e-01	  -2.1140651649486408e-01	
  -9.9771159231381001e-01	   6.7613449569162806e-02	   9.9085684287471654e-01	  -1.3491744486295781e-01	  -9.7946712460532637e-01	   2.0160394792110140e-01	  -1.5423879319904499e-01	
   7.9686597259729774e-01	  -6.0415612362746329e-01	   2.6999075656687471e-01	  -9.6286291411002356e-01	  -3.6657307894941038e-01	  -9.3038926143284206e-01	  -7.2453957398162183e-02	
  -7.8392780311669652e-01	   6.2085199484307840e-01	   2.2908560099874040e-01	  -9.7340628075590607e-01	   4.2475465928347483e-01	   9.0530849958286552e-01	  -2.5900686227113834e-03	
   4.6840844069988530e-01	  -8.8351204444597242e-01	  -5.6118706536220408e-01	  -8.2768899815701147e-01	  -9.9413795715439446e-01	   1.0811901842362145e-01	   3.7692443897581973e-02	
   5.7032263693501339e-01	   8.2142077512045730e-01	  -3.4946417959898574e-01	   9.3694972499980378e-01	  -9.6893730178146276e-01	   2.4730650055438996e-01	   4.1298255295021180e-02	
  -9.5853241641528053e-01	  -2.8498352001665495e-01	   8.3756878663783363e-01	   5.4633188416019351e-01	  -6.4714124952467433e-01	  -7.6237012216091160e-01	   2.3609736462265940e-02	
   9.8941370037469079e-01	   1.4512246383955069e-01	   9.5787894097827664e-01	   2.8717230790996418e-01	   9.0606339463392249e-01	   4.2314196778912477e-01	   1.6900490255853162e-02	
  -9.4388333030833238e-01	  -3.3027906195526757e-01	   7.8183148246789702e-01	   6.2348980185890002e-01	  -5.3203207651506690e-01	  -8.4672419922845366e-01	   4.0341646679126764e-02	
   9.8856058559184556e-01	   1.5082429716165571e-01	   9.5450406277138511e-01	   2.9819791104720977e-01	   8.9860960489430686e-01	   4.3874910597253380e-01	   8.4247241336217582e-02	
  -9.8839370982511654e-01	   1.5191403614591797e-01	   9.5384425124371341e-01	  -3.0030175552154148e-01	  -8.9715360633915242e-01	   4.4171869626794513e-01	   1.2210511657104506e-01	
   9.9169356051857072e-01	   1.2862302292358077e-01	   9.6691223594800002e-01	   2.5510924713549510e-01	   9.2606771543391830e-01	   3.7735737230244148e-01	   1.2570917363876782e-01	
  -9.3268399687347070e-01	   3.6069455495769220e-01	   7.3979887604774475e-01	  -6.7282807833687630e-01	  -4.4731314831595220e-01	   8.9437740766617702e-01	   1.0121256511523691e-01	
   9.9444818535484281e-01	   1.0522740443658292e-01	   9.7785438671107960e-01	   2.0928640278312005e-01	   9.5040285545736891e-01	   3.1102156249765001e-01	   8.3719851187960714e-02	
  -5.4996316514633925e-01	  -8.3518891095501280e-01	  -3.9508103396444072e-01	   9.1864627392788600e-01	   9.8452319700308377e-01	  -1.7525431396352864e-01	   8.5093654491662951e-02	
   5.1669937115191078e-01	   8.5616689953023761e-01	  -4.6604351970244001e-01	   8.8476179717670977e-01	  -9.9830815827125852e-01	   5.8144828910642876e-02	   9.8755169231367179e-02	
  -7.3862806937020409e-01	  -6.7411317680226734e-01	   9.1142849723110042e-02	   9.9583782863694759e-01	   6.0398673511444523e-01	  -7.9699436874158214e-01	   9.5463615358319431e-02	
   2.0856407367408836e-01	   9.7800870505965820e-01	  -9.1300205434493886e-01	   4.0795495923192460e-01	  -5.8940292912807168e-01	  -8.0783920871374471e-01	   6.6773317014612421e-02	
   2.8493869196477345e-01	  -9.5854574320759678e-01	  -8.3761988364280793e-01	  -5.4625354051594843e-01	  -7.6227931998250886e-01	   6.4724820457611465e-01	   3.6448187751465744e-02	
  -3.9351920611646124e-01	   9.1931639516407526e-01	  -6.9028526883494024e-01	  -7.2353731598962767e-01	   9.3680022808808872e-01	  -3.4986473479632813e-01	   1.8836857507384730e-02	
   3.7819985817182489e-01	  -9.2572396926881584e-01	  -7.1392973455762310e-01	  -7.0021734776744982e-01	  -9.1821610688050848e-01	   3.9607976603861328e-01	   6.7835535765712329e-03	
  -4.1280671946941272e-01	   9.1081864954605618e-01	  -6.5918122472180318e-01	  -7.5198411750133631e-01	   9.5703559729588750e-01	  -2.8997045626839973e-01	  -1.2331838825220265e-03	
   9.8351469021886218e-01	  -1.8082824481727269e-01	   9.3460229175260900e-01	  -3.5569447036856106e-01	   8.5487547668294916e-01	  -5.1883322885692318e-01	   6.8008864503024125e-03	
  -5.5500908021341933e-01	  -8.3184428884296269e-01	  -3.8392984176130851e-01	   9.2336226726303727e-01	   9.8117817689827425e-01	  -1.9310459647190892e-01	   4.0640230693364643e-02	
   3.9466420623322040e-01	   9.1882542646484378e-01	  -6.8848032863660413e-01	   7.2525501520529556e-01	  -9.3810129105032458e-01	  -3.4636103667952345e-01	   8.2568499434296450e-02	
   3.2420137317108760e-01	  -9.4598809169776610e-01	  -7.8978693926796240e-01	  -6.1338127666382503e-01	  -8.3630139361761469e-01	   5.4826998735407317e-01	   9.4547977077762635e-02	
  -1.3701234168217374e-01	   9.9056934044354883e-01	  -9.6245523645353459e-01	  -2.7144044986547400e-01	   4.0074883310371173e-01	  -9.1618795711688628e-01	   4.9320158205733211e-02	
  -1.2127936778937740e-01	  -9.9261841356515690e-01	  -9.7058262989721789e-01	   2.4076826730655396e-01	   3.5670266327194827e-01	   9.3421796707979188e-01	  -2.5686929569532446e-02	
  -7.8681924682604631e-01	   6.1718350012301304e-01	   2.3816905435181365e-01	  -9.7122371344050429e-01	   4.1202725490131492e-01	   9.1117152129469392e-01	  -7.2388984726114325e-02	
   9.4196734599122001e-01	   3.3570451156673065e-01	   7.7460496182748562e-01	   6.3244537559558411e-01	   5.1733781417731384e-01	   8.5578127230165479e-01	  -5.9213713190766293e-02	
  -9.9957954927893100e-01	  -2.8995252427407834e-02	   9.9831855067334185e-01	   5.7966122705234310e-02	  -9.9621806455877837e-01	  -8.6888249186881913e-02	  -1.3774456748913200e-02	
   9.9844537269886258e-01	   5.5739014489219661e-02	   9.9378632452754112e-01	   1.1130472219111245e-01	   9.8603734165300461e-01	   1.6652435517327757e-01	   7.2184243359828537e-03	
  -9.9911101824650472e-01	   4.2156532334058569e-02	   9.9644565356313497e-01	  -8.4238111892045914e-02	  -9.9200864487103058e-01	   1.2616991916119141e-01	  -1.4640077388670236e-02	
   7.6754821343004365e-01	   6.4099121683557270e-01	   1.7826051987930375e-01	   9.8398332661298704e-01	  -4.9390112631310290e-01	   8.6951807193792607e-01	  -3.3597216342117209e-02	
   3.6350797056395684e-01	  -9.3159108805122948e-01	  -7.3572391067294707e-01	  -6.7728157162594160e-01	  -8.9839098189215805e-01	   4.3919658884700380e-01	  -6.9123383137855710e-03	
  -9.2884210355293151e-01	   3.7047583816946184e-01	   7.2549530666526940e-01	  -6.8822711368171674e-01	  -4.1889906996856446e-01	   9.0803280181911472e-01	   5.8083932609521272e-02	
   9.1302686492848650e-01	  -4.0789942868170254e-01	   6.6723611216228140e-01	  -7.4484627315075125e-01	   3.0538212638071294e-01	  -9.5222988657529239e-01	   1.0107818147073300e-01	
  -9.9917850131288455e-01	  -4.0525578517004231e-02	   9.9671535497172425e-01	   8.0984573614915845e-02	  -9.9261460791948986e-01	  -1.2131051127102450e-01	   8.7941670508709990e-02	
   5.9130964836349909e-01	   8.0644460426754361e-01	  -3.0070579950447007e-01	   9.5371695074816487e-01	  -9.4693012949520527e-01	   3.2143946530286821e-01	   4.2690608920149309e-02	
   7.2896862742155477e-01	  -6.8454710592853618e-01	   6.2790519529730984e-02	  -9.9802672842824525e-01	  -6.3742398974820680e-01	  -7.7051324277618871e-01	   1.1445360268843352e-02	
  -6.0811619862222066e-01	   7.9384802637108065e-01	  -2.6038937794651978e-01	  -9.6550368816106780e-01	   9.2481019597910530e-01	   3.8042883882940443e-01	  -5.6161437374078194e-03	
  -1.3012685909311622e-01	  -9.9149735276628970e-01	  -9.6613400108512060e-01	   2.5804087262923342e-01	   3.8156682514165952e-01	   9.2434125622051200e-01	  -3.7887851240885673e-02	
  -4.0788586061549385e-02	   9.9916779934458433e-01	  -9.9667258249419921e-01	  -8.1509283546990968e-02	   1.2209431687405181e-01	  -9.9251850249104101e-01	  -8.7673347342838603e-02	
   9.8480775301223444e-01	  -1.7364817766678081e-01	   9.3969262078601223e-01	  -3.4202014332538339e-01	   8.6602540378466597e-01	  -4.9999999999960626e-01	  -1.0478413519705010e-01	
  -7.3099289883648577e-01	  -6.8238506860176185e-01	   6.8701236298737436e-02	   9.9763727883987230e-01	   6.3055266708515612e-01	  -7.7614646429124201e-01	  -5.4654405741334733e-02	
   7.2643357401613406e-01	   6.8723668596935783e-01	   5.5411474915708470e-02	   9.9846360396744849e-01	  -6.4592806248708712e-01	   7.6339828274084931e-01	   2.1777644037843991e-02	
  -7.9234355946153512e-01	  -6.1007514601057533e-01	   2.5561663244035043e-01	   9.6677822545807002e-01	   3.8727117465081873e-01	  -9.2196585472813197e-01	   5.9337338630567005e-02	
   4.7335698337115356e-01	   8.8087068647660283e-01	  -5.5186633258752293e-01	   8.3393258178128382e-01	  -9.9581654820661669e-01	  -9.1375063982790189e-02	   3.2058021916242740e-02	
  -1.7799789567739807e-01	  -9.8403086797844819e-01	  -9.3663349826883624e-01	   3.5031084756353459e-01	   5.1143547910302278e-01	   8.5932168057989877e-01	  -2.2104409507222367e-02	
  -5.4064081745556214e-01	   8.4125353283120397e-01	  -4.1541501300196310e-01	  -9.0963199535448336e-01	   9.8982144188095078e-01	   1.4231483827315997e-01	  -4.1350727549147703e-02	
   7.5456462015833914e-01	  -6.5622574927025024e-01	   1.3873553198939723e-01	  -9.9032946647245579e-01	  -5.4519477216225132e-01	  -8.3830940613054727e-01	  -2.2392962125289628e-02	
  -6.2657189995725560e-01	   7.7936362128595327e-01	  -2.1481530836790974e-01	  -9.7665468989341353e-01	   8.9576637176522578e-01	   4.4452514801140713e-01	  -4.9808103754452882e-03	
   3.2420137317108760e-01	  -9.4598809169776610e-01	  -7.8978693926796240e-01	  -6.1338127666382503e-01	  -8.3630139361761469e-01	   5.4826998735407317e-01	  -2.2534475706492030e-02	
  -2.0345601305277516e-01	   9.7908408768229349e-01	  -9.1721130150533792e-01	  -3.9840108984650635e-01	   5.7668032211522102e-01	  -8.1696989301019218e-01	  -6.4080247606625784e-02	
   7.5386362314618138e-01	  -6.5703092598211243e-01	   1.3662072460617569e-01	  -9.9062342875993170e-01	  -5.4787683424924494e-01	  -8.3655900837479802e-01	  -7.3538368498903717e-02	
  -9.7015242651294598e-01	  -2.4249591611209248e-01	   8.8239146133791402e-01	   4.7051600287125261e-01	  -7.4195600818961760e-01	  -6.7044856768534311e-01	  -1.8120227706957426e-02	
   6.6811601712751734e-01	   7.4405711316918599e-01	  -1.0724197531532585e-01	   9.9423294993199007e-01	  -8.1141617996064341e-01	   5.8446880404182122e-01	   7.4662028828260341e-02	
   2.6891982061548619e-01	  -9.6316256679759660e-01	  -8.5536426016026945e-01	  -5.1802700937352175e-01	  -7.2896862742188095e-01	   6.8454710592818868e-01	   1.4912503761373180e-01	
  -7.5510428455733869e-01	   6.5560469754506001e-01	   1.4036496111370073e-01	  -9.9009983218438602e-01	   5.4312391747997946e-01	   8.3965255329880373e-01	   1.7017156863571964e-01	
   5.5118396465416863e-01	   8.3438374691032435e-01	  -3.9239247421622425e-01	   9.1979788333006607e-01	  -9.8374484393208295e-01	   1.7957194111843247e-01	   1.7572595883232961e-01	
  -1.4231483827328500e-01	   9.8982144188093280e-01	  -9.5949297361449748e-01	  -2.8173255684142939e-01	   4.1541501300188605e-01	  -9.0963199535451855e-01	   1.9537486657813047e-01	
  -2.8081286198319583e-01	  -9.5976254174915920e-01	  -8.4228827308961318e-01	   5.3902733234569578e-01	   7.5386362314555166e-01	   6.5703092598283508e-01	   1.9320240100481378e-01	
  -3.4698525487580789e-01	   9.3787058430189107e-01	  -7.5920246579754125e-01	  -6.5085452746902916e-01	   8.7384937707001120e-01	  -4.8619673610006209e-01	   1.3905524153527937e-01	
   9.9691733373313318e-01	   7.8459095727778191e-02	   9.8768834059515864e-01	   1.5643446504009859e-01	   9.7236992039772352e-01	   2.3344536385571005e-01	   8.4093234776527748e-03	
  -6.8796692120556013e-01	  -7.2574204461843228e-01	  -5.3403030653885061e-02	   9.9857304005114234e-01	   7.6144595836955853e-01	  -6.4822839530729026e-01	  -1.2349926810961687e-01	
   3.2854238191063895e-01	   9.4448922878372932e-01	  -7.8411980657696767e-01	   6.2060948182709774e-01	  -8.4377555982285180e-01	  -5.3669619399212531e-01	  -1.8960926274815815e-01	
   3.4670179436434417e-01	  -9.3797540787834299e-01	  -7.5959573156908800e-01	  -6.5039551396209827e-01	  -8.7340820061734281e-01	   4.8698882440398505e-01	  -1.8474265663674316e-01	
  -9.0511450725037979e-01	   4.2516788303551600e-01	   6.3846454247019557e-01	  -7.6965123790475631e-01	  -2.5065253225912154e-01	   9.6807711886610048e-01	  -1.1025557569178712e-01	
  -9.3401610873246521e-01	  -3.5723088980134915e-01	   7.4477218274347268e-01	   6.6731881122258452e-01	  -4.5724232330402048e-01	  -8.8934214888283669e-01	   3.5177024871428153e-02	
  -9.7562633155255341e-01	   2.1943851344125340e-01	   9.0369347763738572e-01	  -4.2817998374007149e-01	  -7.8770797331811104e-01	   6.1604882011986206e-01	   1.9411024850753722e-01	
   3.8775371256891553e-02	   9.9924795250422715e-01	  -9.9699294116778048e-01	   7.7492420672080287e-02	  -1.1609291412545317e-01	  -9.9323835774191693e-01	   2.9197708156886643e-01	
  -1.2980914251935763e-01	  -9.9153899899015019e-01	  -9.6629917303677826e-01	   2.5742165446682724e-01	   3.8067807665749559e-01	   9.2470763052564342e-01	   2.3749569807698145e-01	
  -8.9802757576064074e-01	   4.3993916985586390e-01	   6.1290705365306675e-01	  -7.9015501237562036e-01	  -2.0278729535668064e-01	   9.7922281062173100e-01	   3.0341601641207472e-02	
   7.4314482547752148e-01	  -6.6913060635871691e-01	   1.0452846326803168e-01	  -9.9452189536823354e-01	  -5.8778525229201239e-01	  -8.0901699437528218e-01	  -2.1543266644907655e-01	
  -8.7301411316118183e-01	  -4.8769494381364586e-01	   5.2430728355720957e-01	   8.5152913773332495e-01	  -4.2441203196109785e-02	  -9.9909896620468308e-01	  -3.5841042947681667e-01	
   6.4411041145027637e-01	   7.6493253157474983e-01	  -1.7024355572271141e-01	   9.8540201528862725e-01	  -8.6342170489690362e-01	   5.0448286344822879e-01	  -3.5565093615865995e-01	
  -3.2373394205834960e-01	  -9.4614815687574061e-01	  -7.9039266951872234e-01	   6.1260054519325058e-01	   8.3548781141298623e-01	   5.4950897807073040e-01	  -2.4098027908015685e-01	
  -2.4109822897119007e-01	   9.7050071817951566e-01	  -8.8374328797391122e-01	  -4.6797200873669853e-01	   6.6723611216256273e-01	  -7.4484627315049923e-01	  -1.2280766728884485e-01	
   4.1022976512357018e-01	  -9.1198220366773630e-01	  -6.6342307961332092e-01	  -7.4824449041498275e-01	  -9.5454155337822666e-01	   2.9807788055184858e-01	  -6.1691715760494259e-02	
  -4.4879918020037801e-01	   8.9363264032345446e-01	  -5.9715859170293717e-01	  -8.0212319275493138e-01	   9.8480775301215906e-01	  -1.7364817766720855e-01	  -5.4965284246441315e-02	
   4.5783832696070292e-01	  -8.8903546968938452e-01	  -5.8076813273164896e-01	  -8.1406902410262105e-01	  -9.8963414744460199e-01	   1.4361146963803309e-01	  -7.2867058209896585e-02	
  -5.2896401032693730e-01	   8.4864425749476669e-01	  -4.4039415155768763e-01	  -8.9780453957071549e-01	   9.9486932339190415e-01	   1.0116832198734312e-01	  -8.1914077855769540e-02	
   7.7180361183185486e-01	  -6.3586097911674322e-01	   1.9136163047339316e-01	  -9.8151960061048427e-01	  -4.7641641670106127e-01	  -8.7921976655311884e-01	  -6.2121049541388196e-02	
  -9.5232576287475612e-01	  -3.0508300733573113e-01	   8.1384871726997243e-01	   5.8107681540224998e-01	  -5.9777243820277992e-01	  -8.0166583569783212e-01	  -1.3852792250806489e-02	
   9.8737534193628540e-01	   1.5839802440751446e-01	   9.4982013172759294e-01	   3.1279660702280332e-01	   8.8828261274871390e-01	   4.5929728922378621e-01	   2.9679104390783806e-02	
  -9.9710124231326613e-01	  -7.6086218051242840e-02	   9.8842177484531746e-01	   1.5173132508362458e-01	  -9.7401191694223277e-01	  -2.2649676742619781e-01	   4.2137675411492048e-02	
   9.2338278500065774e-01	   3.8388049229471027e-01	   7.0527153527114184e-01	   7.0893727616502611e-01	   3.7908840384005532e-01	   9.2536046061737431e-01	   2.0695021027032801e-02	
  -8.3472127267617435e-01	  -5.5067267677075438e-01	   3.9351920611626456e-01	   9.1931639516415942e-01	   1.7776356757240164e-01	  -9.8407322595624569e-01	  -1.5219471365191861e-02	
   8.2148419829753760e-01	   5.7023127934852180e-01	   3.4967257610509617e-01	   9.3687197071959927e-01	  -2.4698320660087830e-01	   9.6901976019952651e-01	  -3.4083460993088899e-02	
  -6.4236035329919161e-01	  -7.6640275084927612e-01	  -1.7474635301867539e-01	   9.8461348361002676e-01	   8.6686061142483484e-01	  -4.9855057954049309e-01	  -2.8921614134027607e-02	
   7.9107103465616424e-01	   6.1172429911523529e-01	   2.5158676374394834e-01	   9.6783474845081208e-01	  -3.9302503165472186e-01	   9.1952777255110940e-01	  -1.6299591699688198e-02	
  -6.8165329689947896e-01	  -7.3167532610172858e-01	  -7.0697565652141581e-02	   9.9749779659448934e-01	   7.7803575431857885e-01	  -6.2821999729546973e-01	  -3.9332839144163856e-03	
   5.3456683589041820e-01	   8.4512620238997838e-01	  -4.2847659593221343e-01	   9.0355287987939181e-01	  -9.9266559217157935e-01	   1.2089260572362458e-01	  -8.7155135062798594e-03	
  -9.9935552364332247e-01	   3.5896202634549637e-02	   9.9742292527283871e-01	  -7.1746136761314319e-02	  -9.9420469591646199e-01	   1.0750359351042778e-01	  -3.6858753283812384e-02	
   9.3663349826883591e-01	  -3.5031084756353531e-01	   7.5456462015863501e-01	  -6.5622574926990995e-01	   4.7686750142932038e-01	  -8.7897519082199194e-01	  -6.3425856535481495e-02	
  -9.9405633822230288e-01	  -1.0886687485211707e-01	   9.7629600711986697e-01	   2.1643961393840241e-01	  -9.4693012949495792e-01	  -3.2143946530359696e-01	  -5.5451751999670340e-02	
   5.4279707317594383e-01	   8.3986388025181147e-01	  -4.1074267470325815e-01	   9.1175131213374927e-01	  -9.8869691649071845e-01	   1.4992800712923962e-01	   6.1084357966487701e-03	
   3.0901699437504437e-01	  -9.5105651629512211e-01	  -8.0901699437482755e-01	  -5.8778525229263812e-01	  -8.0901699437512664e-01	   5.8778525229222645e-01	   1.3018361330158135e-01	
   7.3900891722072559e-01	  -6.7369564364648427e-01	   9.2268359463498525e-02	  -9.9573417629501626e-01	  -6.0263463637901937e-01	  -7.9801722728041846e-01	   2.7687582491172386e-01	
  -2.5490239807895138e-01	   9.6696678715124429e-01	  -8.7004953490719961e-01	  -4.9296430581510231e-01	   6.9845782386959421e-01	  -7.1565121971205414e-01	   3.3527689012370732e-01	
   7.6604444311907771e-01	  -6.4278760968642046e-01	   1.7364817766723586e-01	  -9.8480775301215417e-01	  -4.9999999999959854e-01	  -8.6602540378467041e-01	   2.7256633924210916e-01	
  -8.8272067114709651e-01	   4.6989809185569104e-01	   5.5839156654076105e-01	  -8.2957751802719126e-01	  -1.0308688561238190e-01	   9.9467235510731855e-01	   8.9246760040679940e-02	
   9.9920437022618058e-01	   3.9882659401070386e-02	   9.9681874695819639e-01	   7.9701855139583597e-02	   9.9284692634184968e-01	   1.1939422454014142e-01	  -1.0224033097832008e-01	
  -9.7058262989711142e-01	  -2.4076826730698322e-01	   8.8406128291598618e-01	   4.6737099615716493e-01	  -7.4552642002851244e-01	  -6.6647607386872487e-01	  -2.0762900932694039e-01	
   9.4388333030846516e-01	  -3.3027906195488815e-01	   7.8183148246839829e-01	  -6.2348980185827141e-01	   5.3203207651608575e-01	  -8.4672419922781339e-01	  -2.2363825177187335e-01	
  -8.6837431309432589e-01	   4.9590931868433130e-01	   5.0814789528408466e-01	  -8.6126982793916274e-01	  -1.4150845940962537e-02	   9.9989987176674600e-01	  -1.9171880637601479e-01	
   8.9529483742039728e-01	  -4.4547407790845062e-01	   6.0310569182323137e-01	  -7.9766128431209538e-01	   1.8461998719599415e-01	  -9.8280998180103507e-01	  -1.5069090089405868e-01	
  -5.5137708972189881e-01	   8.3425613868272452e-01	  -3.9196660985961840e-01	  -9.1997944365901874e-01	   9.8361990694700951e-01	   1.8025503781463767e-01	  -1.1485589035924992e-01	
   7.6604444311907549e-01	  -6.4278760968642323e-01	   1.7364817766722887e-01	  -9.8480775301215540e-01	  -4.9999999999960471e-01	  -8.6602540378466686e-01	  -6.3909136612827155e-02	
  -9.9270887409804021e-01	  -1.2053668025543701e-01	   9.7094181742599706e-01	   2.3931566428778067e-01	  -9.3501624268529271e-01	  -3.5460488704285764e-01	   8.9656921454808192e-03	
   9.3663349826868680e-01	   3.5031084756393410e-01	   7.5456462015807624e-01	   6.5622574927055255e-01	   4.7686750142819684e-01	   8.7897519082260145e-01	   8.3659125128158540e-02	
  -7.6249380921460086e-01	  -6.4699551073358141e-01	   1.6279361818118429e-01	   9.8666014304798932e-01	   5.1423555712900459e-01	  -8.5764899101218695e-01	   1.3137216635069660e-01	
   4.2019066841474451e-01	   9.0743583915182136e-01	  -6.4687960435434044e-01	   7.6259214359339689e-01	  -9.6381621508977600e-01	  -2.6656763406313710e-01	   1.2977649353042564e-01	
   3.7264503267786589e-02	  -9.9930543718935361e-01	  -9.9722271359241021e-01	  -7.4477241459319152e-02	  -1.1158652140653824e-01	   9.9375472237388041e-01	   1.0513788975799382e-01	
  -9.3005322799513868e-01	   3.6742481284723094e-01	   7.2999801380835461e-01	  -6.8344926646815363e-01	  -4.2782079034986059e-01	   9.0386358005200129e-01	   7.3135567330955609e-02	
   4.9445996832555750e-01	  -8.6920040250996700e-01	  -5.1101867944697743e-01	  -8.5956960698728024e-01	  -9.9981652843179880e-01	   1.9154881220882988e-02	   2.1975987329393876e-02	
   4.6220388354010056e-01	   8.8677368592017269e-01	  -5.7273514008089832e-01	   8.1974048290694645e-01	  -9.9164469551064993e-01	  -1.2899921653091664e-01	  -5.3508337378325277e-02	
  -9.0320148741964545e-01	  -4.2921681365358944e-01	   6.3154585375411976e-01	   7.7533852903488554e-01	  -2.3762482154921671e-01	  -9.7135701170254740e-01	  -1.4780516842162772e-01	
   9.9924795250423137e-01	  -3.8775371256781904e-02	   9.9699294116779746e-01	  -7.7492420671861489e-02	   9.9323835774195501e-01	  -1.1609291412512732e-01	  -2.1147375873917829e-01	
  -5.6067605138455734e-01	   8.2803524405898399e-01	  -3.7128473080764235e-01	  -9.2851906209247881e-01	   9.7701696500177171e-01	   2.1316155867962377e-01	  -2.1336577285947145e-01	
   1.2344402555269171e-01	  -9.9235153678288135e-01	  -9.6952314511069282e-01	  -2.4499973692775781e-01	  -3.6280770535063250e-01	   9.3186402921145561e-01	  -1.5392091944077768e-01	
   3.6350797056360229e-01	   9.3159108805136781e-01	  -7.3572391067346254e-01	   6.7728157162538172e-01	  -8.9839098189165711e-01	  -4.3919658884802848e-01	  -6.1428404005860249e-02	
  -3.1268074121980477e-01	  -9.4985828104524805e-01	  -8.0446150814046702e-01	   5.9400478274199564e-01	   8.1575998251613069e-01	   5.7839056953349621e-01	   3.3362154450011783e-02	
   2.2385878702632239e-01	   9.7462158988558412e-01	  -8.9977448694220730e-01	   4.3635521384290538e-01	  -6.2670363751455049e-01	  -7.7925769211861540e-01	   1.0779469261602864e-01	
  -2.1393308320630960e-01	  -9.7684831775964187e-01	  -9.0846527181968439e-01	   4.1796034488643408e-01	   6.0263463637879533e-01	   7.9801722728058766e-01	   1.5026028222386928e-01	
   4.5534879630061115e-01	   8.9031313239083731e-01	  -5.8531494741516910e-01	   8.1080602632958876e-01	  -9.8839370982511665e-01	  -1.5191403614591775e-01	   1.5442419592986817e-01	
  -5.9502319610206356e-01	  -8.0370852683076921e-01	  -2.9189479220097048e-01	   9.5645043273865071e-01	   9.4239154046400186e-01	  -3.3451185997193822e-01	   1.2325823549283638e-01	
   4.8245941480727694e-01	   8.7591832556684179e-01	  -5.3446582612763971e-01	   8.4519008554389674e-01	  -9.9817555422333482e-01	  -6.0378497422000181e-02	   8.2334235373146603e-02	
  -1.0402437061981665e-02	  -9.9994589318781224e-01	  -9.9978357860634304e-01	   2.0803748438546512e-02	   3.1202808566092227e-02	   9.9951307382024168e-01	   5.6896864258242585e-02	
   3.2653871283998737e-01	   9.4518382816085267e-01	  -7.8674493803360857e-01	   6.1727822128963328e-01	  -8.4034407163772751e-01	  -5.4205335647270536e-01	   4.1289525332302235e-02	
  -9.2472629432402231e-01	  -3.8063273714403706e-01	   7.1023743882847679e-01	   7.0396220103523011e-01	  -3.8882417547206216e-01	  -9.2131197787094410e-01	   1.3143891411367403e-02	
   9.2526916833312522e-01	  -3.7931117322341917e-01	   7.1224606773574650e-01	  -7.0192986757579012e-01	   3.9276948515166238e-01	  -9.1963695637664433e-01	  -4.0733119959526110e-02	
  -5.3231733830140560e-01	   8.4654489032992630e-01	  -4.3327650268741386e-01	  -9.0126104554616326e-01	   9.9359852761961742e-01	   1.1296887142982473e-01	  -9.6830010192788030e-02	
   1.6309355494192043e-01	  -9.8661060826265534e-01	  -9.4680098467281359e-01	  -3.2181966288993386e-01	  -4.7192783176752023e-01	   8.8163718252079593e-01	  -1.0424203350223671e-01	
  -7.8644266430963317e-01	   6.1766328671337234e-01	   2.3698412849286887e-01	  -9.7151352169821881e-01	   4.1369380548757673e-01	   9.1041607812099135e-01	  -2.9093879435297065e-02	
   7.8005730818507246e-01	   6.2570807566073405e-01	   2.1697880810588230e-01	   9.7617631441914765e-01	  -4.4154549821651246e-01	   8.9723886061891667e-01	   1.0280266061150378e-01	
  -6.9985765074373374e-01	  -7.1428234522173506e-01	  -2.0398537390923996e-02	   9.9979192818921636e-01	   7.2840979565777397e-01	  -6.8514171496837051e-01	   2.1991889001304610e-01	
   7.0710678118670944e-01	   7.0710678118638559e-01	   4.5791720769537194e-13	   1.0000000000000000e+00	  -7.0710678118606196e-01	   7.0710678118703307e-01	   2.5616856350175166e-01	
   1.1741036813467395e-01	  -9.9308348362787724e-01	  -9.7242961090896063e-01	  -2.3319659480242705e-01	  -3.4575700533843162e-01	   9.3832408754086649e-01	   2.0468300210520229e-01	
  -5.9371953916733589e-01	   8.0467205047207047e-01	  -2.9499421762185257e-01	  -9.5549903797422586e-01	   9.4400720105428615e-01	   3.2992484652970988e-01	   1.1818909307633546e-01	
   9.8340845739556304e-01	  -1.8140508791894219e-01	   9.3418438815424165e-01	  -3.5679059534814689e-01	   8.5396119875999832e-01	  -5.2033669005018912e-01	   5.7099675105415693e-02	
  -7.3441165508509154e-01	  -6.7870429560683987e-01	   7.8720958249646783e-02	   9.9689669009996085e-01	   6.1878447660907654e-01	  -7.8556080064348377e-01	   4.1868678079461263e-02	
  -1.9896617140658973e-01	   9.8000635846702733e-01	  -9.2082492527160709e-01	  -3.8997622619659672e-01	   5.6539219124069107e-01	  -8.2482220513517324e-01	   5.9535410339662032e-02	
   9.3333652103748344e-01	  -3.5900269984729544e-01	   7.4223412300470537e-01	  -6.7014066183707721e-01	   4.5217190728355594e-01	  -8.9193080800225266e-01	   8.2816252932241874e-02	
  -6.4459257662448344e-01	  -7.6452626518688649e-01	  -1.6900082032121885e-01	   9.8561591034781648e-01	   8.6246592506949471e-01	  -5.0611513323948421e-01	   9.4223803840695231e-02	
  -7.6933397098291334e-01	   6.3884680565191987e-01	   1.8374951781667614e-01	  -9.8297309968388202e-01	   4.8660447856671524e-01	   8.7362239064644809e-01	   1.0376247037814623e-01	
   2.5336833923533270e-01	   9.6736987996997781e-01	  -8.7160896934625876e-01	   4.9020179982855283e-01	  -6.9504457328709601e-01	  -7.1896664814451483e-01	   1.0960791743756843e-01	
   5.9208469902066918e-01	  -8.0587574053671795e-01	  -2.9887141837120701e-01	  -9.5429339056748319e-01	  -9.4599908660506249e-01	  -3.2416928932640654e-01	   9.6010601041620625e-02	
  -9.9573417629504302e-01	   9.2268359463210325e-02	   9.8297309968393565e-01	  -1.8374951781638932e-01	  -9.6182564317289476e-01	   2.7366299007181677e-01	   5.5244183041808226e-02	
   4.1678186049525806e-01	   9.0900653504917739e-01	  -6.5258576152422254e-01	   7.5771486976028823e-01	  -9.6075367613681850e-01	  -2.7740290876194718e-01	  -3.0237377016931855e-02	
  -8.3217272536879949e-01	  -5.5451650575277245e-01	   3.8502288969547094e-01	   9.2290702370853650e-01	   1.9136163047429805e-01	  -9.8151960061030785e-01	  -1.2702176889628292e-01	
  -7.9249956857069426e-02	   9.9685477595191996e-01	  -9.8743888867630525e-01	  -1.5800139597390656e-01	   2.3575893551024921e-01	  -9.7181156832334226e-01	  -1.8751720875654221e-01	
   5.9891811861107791e-01	  -8.0081026916452980e-01	  -2.8259417439873347e-01	  -9.5923955954490236e-01	  -9.3741966113375919e-01	  -3.4820163543537247e-01	  -1.9764523906840015e-01	
  -9.1166651521665409e-01	   4.1093085188717837e-01	   6.6227166993455577e-01	  -7.4926379546998989e-01	  -2.9587529569524795e-01	   9.5522657490108054e-01	  -1.4996927148308925e-01	
   9.9649285924951070e-01	  -8.3677843332239737e-02	   9.8599603707053030e-01	  -1.6676874671595235e-01	   9.6858316112868781e-01	  -2.4868988716463389e-01	  -8.4884629617022145e-02	
  -6.9234204904501295e-01	  -7.2156946105288644e-01	  -4.1324974248305862e-02	   9.9914575838732200e-01	   7.4956408374062156e-01	  -6.6193178226013782e-01	  -2.9306700721966505e-02	
  -2.7821746391665564e-01	   9.6051811163131351e-01	  -8.4519008554356878e-01	  -5.3446582612815841e-01	   7.4851074817152130e-01	  -6.6312265824032091e-01	   1.1357954558094630e-02	
   8.5876395827580965e-01	  -5.1237141212841242e-01	   4.7495107206707310e-01	  -8.8001220397352331e-01	  -4.3022233004490762e-02	  -9.9907411510223165e-01	   3.9663147299436319e-02	
  -9.9406382831849660e-01	  -1.0879846151841750e-01	   9.7632578954245086e-01	   2.1630523034432148e-01	  -9.4699647575879808e-01	  -3.2124394920436417e-01	   4.6646687812322507e-02	
   7.6750418885582805e-01	   6.4104392992115411e-01	   1.7812535982248504e-01	   9.8400780291017520e-01	  -4.9408026924541015e-01	   8.6941629127960496e-01	   3.3567949464024416e-02	
   2.3768589232595222e-01	  -9.7134206981331550e-01	  -8.8701083317843166e-01	  -4.6174861323463051e-01	  -6.5934581509955603e-01	   7.5183980747942725e-01	   2.5625800082988204e-02	
  -5.1378130616404238e-01	  -8.5792119069082950e-01	  -4.7205753887274110e-01	   8.8156773987788961e-01	   9.9884998397728264e-01	  -4.7944859042260327e-02	   6.3351601901875054e-02	
  -2.1229381005702561e-01	  -9.7720588322598201e-01	  -9.0986267642294305e-01	   4.1490952032036915e-01	   5.9861023847004402e-01	   8.0104043743049380e-01	   1.5825255948197714e-01	
  -8.9944799402594022e-01	  -4.3702780923267603e-01	   6.1801338791457550e-01	   7.8616757269576343e-01	  -2.1229381005594095e-01	  -9.7720588322621760e-01	   2.6004496010204248e-01	
   3.4792834590811600e-01	   9.3752112835585866e-01	  -7.5789173222728479e-01	   6.5238035088552881e-01	  -8.7531237945066787e-01	  -4.8355789558274198e-01	   2.7376393427972362e-01	
   8.7588446986471669e-01	  -4.8252087566218754e-01	   5.3434720910039157e-01	  -8.4526508275606793e-01	   6.0168374068457132e-02	  -9.9818824214772151e-01	   1.6661991697643858e-01	
  -8.1358674667776992e-02	  -9.9668488804451272e-01	  -9.8676153211260564e-01	   1.6217792310540646e-01	   2.4192189559943117e-01	   9.7029572627605543e-01	   2.3177317468754066e-02	
   9.9966573338970321e-01	  -2.5853848580566913e-02	   9.9866315702714625e-01	  -5.1690413004477520e-02	   9.9699294116793358e-01	  -7.7492420670110196e-02	  -2.6725883053189348e-02	
   8.7858130758648334e-01	  -4.7759280350485311e-01	   5.4381022808074952e-01	  -8.3920821959437641e-01	   7.6981694945694956e-02	  -9.9703250631225060e-01	   4.2378487293918132e-02	
   2.8081286198319549e-01	  -9.5976254174915931e-01	  -8.4228827308961363e-01	  -5.3902733234569511e-01	  -7.5386362314555089e-01	   6.5703092598283586e-01	   1.5090600686957117e-01	
   6.5317284295393219e-01	  -7.5720884650635045e-01	  -1.4673047445495577e-01	  -9.8917650996484119e-01	  -8.4485356524937727e-01	  -5.3499761988761807e-01	   1.9595596088904427e-01	
   9.7452687278649497e-01	  -2.2427076094973816e-01	   8.9940525156605078e-01	  -4.3711576665159180e-01	   7.7846230156633367e-01	  -6.2769136129155600e-01	   1.5763554898876675e-01	
   9.2064988667655479e-01	  -3.9038927516319755e-01	   6.9519242767510647e-01	  -7.1882368387748041e-01	   3.5940777283841763e-01	  -9.3318061104125416e-01	   7.4163865051695921e-02	
   1.0893239408694948e-01	  -9.9404916051394843e-01	  -9.7626746703697109e-01	  -2.1656830978981345e-01	  -3.2162669899402724e-01	   9.4686655157641164e-01	  -4.3108711751342565e-02	
  -8.3684563853496241e-01	   5.4743892560267493e-01	   4.0062124546997790e-01	  -9.1624375450972850e-01	   1.6632935458297080e-01	   9.8607025399005543e-01	  -1.8021255535163250e-01	
  -6.7155895484715400e-01	   7.4095112535483620e-01	  -9.8017140329196284e-02	  -9.9518472667223279e-01	   8.0320753148031776e-01	   5.9569930449287445e-01	  -2.9782962219521347e-01	
   8.5295648819386016e-01	  -5.2198202004283378e-01	   4.5506954150400541e-01	  -8.9045590143214526e-01	  -7.6647452183367965e-02	  -9.9705825711128748e-01	  -3.9236985151634673e-01	
  -9.8408999787573226e-01	  -1.7767069561675425e-01	   9.3686624783811734e-01	   3.4968790894414309e-01	  -8.5983140981398398e-01	  -5.1057805152326785e-01	  -4.1822201152395744e-01	
  -2.5137383451115114e-01	   9.6789007398730997e-01	  -8.7362239064632086e-01	  -4.8660447856694378e-01	   6.9058545501428004e-01	  -7.2325080665196617e-01	  -3.7711050348701525e-01	
   6.6574011969757230e-01	   7.4618368584756811e-01	  -1.1358018605012425e-01	   9.9352883266507130e-01	  -8.1696989301013667e-01	   5.7668032211529963e-01	  -2.6325819784272753e-01	
   4.9646706644115757e-01	   8.6805555809482104e-01	  -5.0704090387862244e-01	   8.6192199287055526e-01	  -9.9992528666974290e-01	  -1.2223791491698950e-02	  -6.9760394052655439e-02	
   6.3439328416338947e-01	   7.7301045336294716e-01	  -1.9509032201677806e-01	   9.8078528040310120e-01	  -8.8192126434882345e-01	   4.7139673682512134e-01	   1.3121197943672763e-01	
   9.1050491997717531e-01	  -4.1349823542230207e-01	   6.5803841860528489e-01	  -7.5298435550777265e-01	   2.8778951537104858e-01	  -9.5769368528903698e-01	   2.2768082346130059e-01	
  -9.2064988667638248e-01	  -3.9038927516360400e-01	   6.9519242767447176e-01	   7.1882368387809426e-01	  -3.5940777283718039e-01	  -9.3318061104173067e-01	   1.7841281972921935e-01	
  -8.0602826345366696e-01	  -5.9187704678747766e-01	   2.9936312297226797e-01	   9.5413925640039088e-01	   3.2343798715085914e-01	  -9.4624936907128276e-01	   4.8963684238302552e-02	
  -9.4564558233361395e-01	  -3.2519906613168520e-01	   7.8849113477415966e-01	   6.1504612053288976e-01	  -5.4562073428319025e-01	  -8.3803222749502437e-01	  -4.5892513502750698e-02	
  -5.9168852843369513e-01	  -8.0616666100749190e-01	  -2.9980937063993679e-01	   9.5399913064765685e-01	   9.4647605908284826e-01	  -3.2277402247238024e-01	  -3.7553279435501796e-02	
   8.7155742747836634e-02	   9.9619469809172989e-01	  -9.8480775301214585e-01	   1.7364817766728322e-01	  -2.5881904510303966e-01	  -9.6592582628892920e-01	  -1.6399500995296856e-02	
   9.8104855968617932e-01	  -1.9376202811096166e-01	   9.2491255292465380e-01	  -3.8017991720026384e-01	   8.3371969607861707e-01	  -5.5218789227089926e-01	  -5.7223542873885980e-02	
   4.4937040096712999e-01	  -8.9334553378557890e-01	  -5.9613248546928166e-01	  -8.0288608143884066e-01	  -9.8513898901685570e-01	   1.7175905309137959e-01	  -1.5154069582782115e-01	
   1.2053668025549073e-01	  -9.9270887409803366e-01	  -9.7094181742597119e-01	  -2.3931566428788575e-01	  -3.5460488704300858e-01	   9.3501624268523542e-01	  -1.9340702908927676e-01	
